Sample	label	group1	time	group2	treatment	B02_AGPase	A21_Alanine aminotransferase	A22_Aspartate aminotransferase	A24_Citrate synthase	A15_G6P DH	C03G_Glucokinase	D02_Glutamate DH (NAD)	A07_Malate DH (NAD)	A04i_Malate DH initial (NADP)	A04t_Malate DH total (NADP)	A13_PEP Carboxylase	B03_Phosphofructokinase (PPi)	A02t_Phosphoglucose Isomerase (total)	A23_Pyruvate kinase	B16_FBP-Aldolase	"C01_Fructose-1,6-bisphosphatase (cyt)"	B08NAD_GAPDH (NAD)	B08NADP_GAPDH (NADP)	A16_NADP-Isocitrate DH	A06_Phosphoglucomutase	A14_Phosphoglycerokinase_direct	C03F_Fructokinase	A10_Neutral Invertase	B11max_Rubisco (maximal)
Water 24_1	Water24	NM	24	control	NM	2095.82	1047.35	727.79			83.75	8714.93	69.51	267.8	844.34	92.34	1188.53	935.8		283.14	4960.29	2153.04	750.07	1573.86	57465.5	119.94	257.32	179.06	3419.54
Water 24_2	Water24	NM	24	control	NM		804.75	597.81			32.66	8439.69		92.67	581.96	107.84	961.61	779.67	9382.06	363.1	3780.55	3061.47	394.51	1726.65	55491.2	239.34	173.77	215.99	6335.5
Water 24_3	Water24	NM	24	control	NM	1411.42	1190.51	236.56	93.42	105.84	21.81	4429.07	59.24	66.18	832.69	213.86	852.43	619.26	17087.9	365.78	5013.59	2872.69	425.89	1889.66	38168.3	304.01	387.58	402.79	6428.94
Water 24_4	Water24	NM	24	control	NM	1235.35	1025.09	1071.02	155.43		20.09	3251.9	46.98	68.26	507.64	185.18	844.88	713.61	11229.5	279.4	3365.62	2996.06	325.3	1200.21	36706.2	185.65	233.64	290.96	4043.86
Water 24_5	Water24	NM	24	control	NM	1580.27	856.24	795.47	16.63	220.3	68.77	5713.67	44.95	158.47	585.91	379.19	1219.99	749.58	16507.6	705.48	7280.26	3387.21	497.9	2001.65	67335		181.1	359.31	4036.76
Water 24_6	Water24	NM	24	control	NM	1295.5	800	570.15		123.89	48.11	2441.69	46.86	113.86	518.84		914.56	587.33	11672.2	160.59	4622.53	2309.44	785.74	1596	57062.2		232.86	432.07	5352.28
AM 24_1	AM24	AM	24	control	AM	1219.46	940.09	720.1	80.98	90.22	117.9	8035.9	68.23	135.42	580.63		923.94	818.84			4548.64	1919.8	685.81	2021.66	57616.8	74.29	230.13	245.1	2931.01
AM 24_2	AM24	AM	24	control	AM	1584.8	1350	848.68	11.57	88.03		8907.06	85.17	203.88	862.2	139.63	1049.56	931.29		168.81	7472.52	3406.22	544.98	1961.61	67274.6	123.82	266.04	172.02	3038.18
AM 24_3	AM24	AM	24	control	AM	1023.42	1221.35	887.06	42.36	70.56	78.36	3658.88	30.16	68.34	546.34	198.04	728.99	610.35	13861.9	294.68	3778.38	2378.56	343.1	1317.74	26627.6	282.9	151.66	349.45	2650.68
AM 24_4	AM24	AM	24	control	AM	2409.39	1330.36		239.61	190.84	72.27	7498.64	81.09	91.31	791.17	210.04	1142.95	816.5	18321.5	327.3	5626.77	3477.02	381.07	1707.34	56311.5	147.27	213.29	302.71	2838.94
AM 24_5	AM24	AM	24	control	AM	1423.68	810.79	436.52	77.76	159.16	84.51	2282.64	46.36	182.47	435.88	132.27	826.18	614.38	15314.7		6876.59	2613.11	185.64	1482.41	44073.8		350.8	529.81	3323.17
AM 24_6	AM24	AM	24	control	AM	1525.67	805.61	640.58	125.46	137.42	76.56	6205.75	40.16	273.76	846.4	634.38	1130.14	694.78	14043.8	287.33	4835.08	3761.27	565.31	2208.67	61320.6		234.69	322.9	3536.58
W inf 24_1	W inf24	NM	24	infected	NM_inf	2287.35	1149.48	699.14		171.2	171.25	10305.8	73.53	270.76	915.74		1062.76	766.49		611.46	5440.52	4555.97	397.91	1981.64	60248.9	270.96	179.77	301.07	5089.56
W inf 24_2	W inf24	NM	24	infected	NM_inf	1618.94	574.34	576.56	82.99		117.56	6357.93	30	194.91	606.09		824.18	768.82		233.03	5658.7	2928.27	731.26	1867.63	57006.6	253.83	152.03	286.48	5314.78
W inf 24_3	W inf24	NM	24	infected	NM_inf	1540.34	1312.43	586.94	107.78	164.37	58.1	3377.27	52.35	166.52	515.14	297.09	886.23	777.37	12814.1	148.87	5336.85	4266.05	173.33	1434.97	31243.7	222.31	104.19	372.29	11127.3
W inf 24_4	W inf24	NM	24	infected	NM_inf	1731.28	1247.62			81.18	43.38	4022.4	57.95	153.23	446.21	200.66	808.3	791.67	10942.4	234.09	5006.13	3521.75	272.55	1509.1	27469.1	106.83	118.49	363.37	3339.67
W inf 24_5	W inf24	NM	24	infected	NM_inf	2213.14	1269.83			137.59		4086.64	58.63	208.44	456.53	264.56	1002.85	711.58	21545.2	313.32	7200.15	6233.88	234.87	1959.9	65355.7			260.37	5088.95
W inf 24_6	W inf24	NM	24	infected	NM_inf	1363.82	1094.45	230.41	76.09	234.18	125.42	2971.71	87.12	662.28	473.92		875.91	615.55	15051.5	288.22	6551.38	4084.31	916.02	1686.06	51785.1		102.22	259.35	2006.16
AM inf 24_1	AM inf24	AM	24	infected	AM_inf	1510.02	671.94	581.43	120.53		71.55	2534.74	62.08	158.99	381.65	362.68	791.25	589.74	10443.7		5255.01	2081.17	659.76	1235.92	51245.8	172.01	208.27	145.94	3773.29
AM inf 24_2	AM inf24	AM	24	infected	AM_inf	1717.52	771.39	656.16	105.3	30.68	101.54	7659.38	58.35	197.53	463.59	252.36	1065	656.01			6287.95	2066.76	462.48	1828.93	64701.4	318.7	123.45	280.03	5462.27
AM inf 24_3	AM inf24	AM	24	infected	AM_inf	1626.22	680.79	799.01		17.54	75.12	3054.76	18.68	141.76	270.45	200.29	611.03	319.21	13516.2	138	4691.93	2973.46	160.67	1406.79	32032.1	163.56	80.67	367.02	3905.6
AM inf 24_4	AM inf24	AM	24	infected	AM_inf	1325.87	1122.98	249.42	136.16	53.74	54.72	2887.63	49.26	125.8	437.7	181.52	713.94	641.8	12828.4	162.07	4805.35	2943.17	188.7	1667.98	37790.9	357.38	156.96	351.34	2988.65
AM inf 24_5	AM inf24	AM	24	infected	AM_inf	1428.5	1119.93	581.61	145.72	226.58	96.27	3705.46	60.22	178.88	442.54		772.95	618.16	12314.5	232.41	6748.11	2891.64	670.4	1902.64	58442.4		244.34	485	5636.75
AM inf 24_6	AM inf24	AM	24	infected	AM_inf	1268.5	876.21	285.8			55.37	3320.75	39.71	222.14	467.04	462.8	976.41	694.15	14389.8		6800.22	3639.37	806.53	1811.69	59299.5		297.14	538.72	4390.59
Water 48_1	Water48	NM	48	control	NM	1758.39	750.11	670.47	130.61		108.3	7179.96		205.64	375.02	64.48	877.68	534.57			5154.05	2055.75	575.25	1533.45	61450.7	186.25	81.88	222.5	5160.2
Water 48_2	Water48	NM	48	control	NM	1714.89	1005.21	776.34	109.71	96.08	35.82	6771.59		226.8	608.61		1018.86	451.78		377.34	2613.77	2286.09	658.48	1082.42	55656.9	534.24	194.31	357.09	6527.62
Water 48_3	Water48	NM	48	control	NM	1599.32	606.67	562.13		42.5		4537.28	17.04	37.73	536.39	122.68	455.11	241.37	9648.57	132.59	3118.07	1485.89	154.38	1426.05	27423.2	404.67	108.06	241.68	3428.49
Water 48_4	Water48	NM	48	control	NM	1891.34	1353.14	1613.39	130.75	161.35	80.67	4525.56	77.03	260.23	590.58	273.28	903.38	500.99	13918.2	212.99	5258.16	3908.47	247.99	1384.98	52524	101.82	147.89	305.49	5731.04
Water 48_5	Water48	NM	48	control	NM	1582.98	862.32	542.86			49.25	4071.71	49.86	130.99	438.09	235.26	821.87	538.23	15089.8	125.22	5309	2562.48	71.82	1299.08	54865.6		80.53	496.5	2525.15
Water 48_6	Water48	NM	48	control	NM	1940.83	1016.28	600.46		167.92	66.47	3729.11	11.37	376.22	270.14		1009.97	515.84	19855.8	115.77	5897.56	1827.05	662.85	1485.83	50672.2		140.36	421.86	3006.83
AM 48_1	AM48	AM	48	control	AM	559.44	291.32	852.9	175.6	35.31	38.43	8216.15	19.44	230.15	668.37	291.92	1050.18	683.6			7031.91	2678.67	398.42	1782.46	70177.3	350.59	109.89	192.33	3216.86
AM 48_2	AM48	AM	48	control	AM	1050.89	367.16	749.12	109.17	61.61	107.94	7506.55	110.09	127.03	446.08		818.75	656.68		107.08	2821.16	1821.2	641.94	988.04	42548.7	303.2	221.72	245.41	1449.63
AM 48_3	AM48	AM	48	control	AM	1219.77	491.43	861.42	135.86	49.37	47.87	2948.19	46.85	118.3	584.16	179.82	923.35	692.93	12140.9	209.62	4770.56	2610.32	244.07	1114.62	32360.1		109.06	327.54	4048.12
AM 48_4	AM48	AM	48	control	AM	901.5	354.64	754.19	229.92	85.83	22.68	3036.02	36.77	90.97	486.36	132.14	743.89	634.44	12238.2	176.56	2568.65	1526.53	205.57	992.21	30162.6			223.6	2861.43
AM 48_5	AM48	AM	48	control	AM	449.82	185.77	229.92	83.46	195.11	47.12	3649.07	56.22	232.87	602.19	244.6	998	600.88	16126.9	303	3297.32	1997.99	392.87	1525.69	51627.9		97.21	280.63	4770.72
AM 48_6	AM48	AM	48	control	AM	746.08	260.16	597.54		94.09	67.56	3794.65	44.95	128.69	448.94	395.97	905.48	766.77	13969.6	367.81	3280.36	1281.27	118.06	1709.97	61408.9		100.7	468.16	1754.17
W inf 48_1	W inf48	NM	48	infected	NM_inf	1516.15	589.28	1141.03	571.57	63.99	294.87	8863.02	51.02	240.87	687.78	437.8	1215.58	814.87		133.91	5025.81	2877.07	710.63	1973.32	59846.3	190.48	174.75	415.14	2992.01
W inf 48_2	W inf48	NM	48	infected	NM_inf	1750.78	650.26	1455.16	869.55	171.27	444.43	8484.62	87.34	260.93	1066.63		1525.12	973.39		69.47	4917.45	2408.83		2822.12	64986.6	251.83	191.42	508.76	1091.36
W inf 48_3	W inf48	NM	48	infected	NM_inf	1768.5	1142.02	1447.74	451.71		120.23	4231.9	48.49	168.42	493.41	259.32	983.64	674.22	12001.4	383.93	5979.95	3323.42	447.01	1539.18	69515.7	209	193.01	596	1537.92
W inf 48_4	W inf48	NM	48	infected	NM_inf	1694.82	1561.74	1034.07	572.24		182.66	7609.65	42.59		635.45	230.02	1252.67	728.62	17006.1	517.12	5654.13	3498.78	602.08	2147.3	80245.3		111.48	580.68	1399.03
W inf 48_5	W inf48	NM	48	infected	NM_inf	1996.58	701.06	780.71	758.55	180.67	121.88	5504.65	145.63	549.47	556.1	539.48	907.64	680.68	10643.2	558.76	7999.52		921.22	1732	51502.2		188.27	834.1	4168.2
W inf 48_6	W inf48	NM	48	infected	NM_inf	1666.87	937.33	490.14	454.32	88.06	220.17	3909.07	57.64	247.26	486.66	544.44	1129.9	755.97	18055.4	219.84	7846.92	1972.53	715.73	1699.9	57042.2			774.15	4436.65
AM inf 48_1	AM inf48	AM	48	infected	AM_inf	1318.26	343.99	881.66	457.48	31.22	140.59	7191.25	48.26	191.38	615.32	104.95	825.4	622.08		310.18	3170.72	2667.81	637.08	794.8	46617.4	212.6	150.6	363.59	3290.7
AM inf 48_2	AM inf48	AM	48	infected	AM_inf	1193.59	339.64	946.66	479.01	80.12	240.68	7403.86	64.26	199.94	668.31		780.53	633.34		322.44	3200.91	4003.83	1011.23	1573.3	53570.7	188.18	151.84	382.31	1625.41
AM inf 48_3	AM inf48	AM	48	infected	AM_inf	899.04	722.86		430.6	225.99	81.72	3706.17		198.3	517.04	227.21	1199.06	722.42	16007.5	380.34	5839.32	3436.19	442.83	1533.93	36069.4		207.1	389.78	4533.17
AM inf 48_4	AM inf48	AM	48	infected	AM_inf	397.14	831.7	237.47	715.11	101.7		3164.82	22.4	117.93	485.48	242.84	950.83	355.28	13420.9	213.44	5050.56	3935.14	248.51	1587.32	64639.3	159.57		479.85	4202.75
AM inf 48_5	AM inf48	AM	48	infected	AM_inf	1885.6	643.3	548.08		127.45	140.47	4488.31	30.16		321.39	205.03	3014.97	601.7	10370.9	333.09	3702.89	1704.93	298.58	1416.99	57612.7		102.54	701.13	4538.11
AM inf 48_6	AM inf48	AM	48	infected	AM_inf		570.23	487.58	483.48	181.71	91.25	7412.08	66.5	517	478.87	153.71	998.76	700.82	11230.5	164.28	7774.49	1940.53	333.57	1526.94	46916.6		234.45	510.57	5140.72
