GeneID	logFC	AveExpr	t	P.Value	adj.P.Val	B	AthID
Solyc01g006555.2	-0.021543331252321	8.01224949134178	-0.0541161146607445	0.957410781809774	0.997637260505674	-4.68490597386685	AT3G45140
Solyc01g067890.4	0.0944335544650627	9.24820184891916	0.343140733888064	0.735281134461537	0.997637260505674	-4.64889955407708	AT4G15560
Solyc01g088160.5	-0.0735862976997648	2.21967251320844	-0.14449502949515	0.886639770679974	0.997637260505674	-4.64377833511264	AT3G63440
Solyc01g094960.3	0.249935996984367	4.56368307079552	0.870012644636281	0.395212687126863	0.997637260505674	-4.64045409365733	AT4G01370
Solyc01g097240.3	0.897591097691867	4.99583875243417	0.675991317684267	0.507237092544748	0.997637260505674	-4.66374795879236	AT3G04720
Solyc01g097290.4	0.0213034975272395	7.06462126285459	0.0826719972474947	0.934981934812013	0.997637260505674	-4.6912013246519	AT3G04730
Solyc01g097810.3	-0.0494925632519312	7.851789948248	-0.267576859526169	0.791924220344995	0.997637260505674	-4.67199883335834	AT3G04870
Solyc01g098840.3	-0.115263746020512	5.21502552874106	-0.539428295871966	0.595891903950242	0.997637260505674	-4.70015369333782	AT5G27450
Solyc01g100380.4	0.377633396777788	8.17977791328121	0.980080294651091	0.339430489876551	0.997637260505674	-4.60453340984531	AT1G09210
Solyc01g100380.4	0.377633396777788	8.17977791328121	0.980080294651091	0.339430489876551	0.997637260505674	-4.60453340984531	AT1G56340
Solyc01g104970.3	0.100700364615352	5.44023439545274	0.410504497452117	0.686053803634166	0.997637260505674	-4.71557605855852	AT4G33430
Solyc01g106620.2	1.16502083355175	8.86215358864584	1.31457414875138	0.204388051520541	0.997637260505674	-4.55256778134323	AT2G14580
Solyc01g112250.4	0.00050618362451349	5.51703284775764	0.00364132836387118	0.997132819515598	0.999674274734255	-4.73559019185276	AT2G17290
Solyc01g112250.4	0.00050618362451349	5.51703284775764	0.00364132836387118	0.997132819515598	0.999674274734255	-4.73559019185276	AT4G35310
Solyc02g061770.5	0.703630421403643	2.11282339347846	0.459724863711182	0.65095975857569	0.997637260505674	-4.61071485339474	AT3G12500
Solyc02g063150.3	0.325655072044269	12.3757980392436	0.792667228737968	0.437812531672543	0.997637260505674	-4.60888220601783	AT1G67090
Solyc02g063150.3	0.325655072044269	12.3757980392436	0.792667228737968	0.437812531672543	0.997637260505674	-4.60888220601783	AT5G38430
Solyc02g065280.3	-0.0345041889318516	6.41225330992849	-0.130601012330432	0.897471476316128	0.997637260505674	-4.7011686913179	AT2G23580
Solyc02g065280.3	-0.0345041889318516	6.41225330992849	-0.130601012330432	0.897471476316128	0.997637260505674	-4.7011686913179	AT2G23620
Solyc02g070890.3	0.256292362503306	3.08585667065899	0.429172754018413	0.672651471501295	0.997637260505674	-4.65386683526224	AT5G46330
Solyc02g070990.1	0.171997548097359	10.6280393154522	0.30661514451652	0.762489746305749	0.997637260505674	-4.63772450099451	AT2G34430
Solyc02g079750.4	0.465054003704782	4.22902521255867	0.596401830880271	0.55798568624749	0.997637260505674	-4.67100962330187	AT5G54500
Solyc02g080540.1	-0.123120771996184	10.0680165928518	-0.35919973230806	0.723428741558758	0.997637260505674	-4.64162367144512	AT4G04640
Solyc02g090890.4	-0.127965982852604	10.087784985943	-0.396251281392595	0.696359143346092	0.997637260505674	-4.64081681665244	AT5G67030
Solyc03g006880.3	-0.213500219131216	6.56009342664447	-0.381277168589035	0.707251331226582	0.997637260505674	-4.68424096887442	AT1G60980
Solyc03g006880.3	-0.213500219131216	6.56009342664447	-0.381277168589035	0.707251331226582	0.997637260505674	-4.68424096887442	AT4G25420
Solyc03g006880.3	-0.213500219131216	6.56009342664447	-0.381277168589035	0.707251331226582	0.997637260505674	-4.68424096887442	AT5G07200
Solyc03g006880.3	-0.213500219131216	6.56009342664447	-0.381277168589035	0.707251331226582	0.997637260505674	-4.68424096887442	AT5G51810
Solyc03g007960.3	0.0367948495840035	0.544949270944187	0.0843400845907431	0.933673292798594	0.997637260505674	-4.61884489637261	AT5G52570
Solyc03g007980.1	0.178923289350937	5.04772146897021	1.32462252212958	0.201096159842151	0.997637260505674	-4.52619817173228	AT5G24020
Solyc03g062890.3	0.0304700945492096	6.31367345228861	0.211603638520101	0.834682092133215	0.997637260505674	-4.70390507052274	AT5G18100
Solyc03g093080.3	0.248732288732175	-0.143858747887958	0.404548152890981	0.690352822265265	0.997637260505674	-4.60840862096423	AT5G57560
Solyc03g093110.3	0.673925975457636	-0.41821852862107	0.957873233182652	0.350224361757682	0.997637260505674	-4.59628663650725	AT4G30270
Solyc03g096790.3	-0.0139538258408001	4.1303490482377	-0.102230500935448	0.919650923243529	0.997637260505674	-4.72615727566395	AT3G49590
Solyc03g098050.3	0.227158219498894	5.64438756397293	1.30198554003465	0.208571741339487	0.997637260505674	-4.53430069116357	AT1G66410
Solyc03g111170.3	-0.0844097225681058	5.75766821453052	-0.224306769215823	0.8249264410155	0.997637260505674	-4.7280856067875	AT5G63380
Solyc03g117980.3	0.0264054788799557	6.38541131398158	0.0749571310457396	0.941036785691755	0.997637260505674	-4.72567930136596	AT4G25090
Solyc03g117980.3	0.0264054788799557	6.38541131398158	0.0749571310457396	0.941036785691755	0.997637260505674	-4.72567930136596	AT5G47910
Solyc03g117980.3	0.0264054788799557	6.38541131398158	0.0749571310457396	0.941036785691755	0.997637260505674	-4.72567930136596	AT5G51060
Solyc03g119910.5	0.194352037371929	1.6440901294632	0.355895744078087	0.725861525225609	0.997637260505674	-4.64818393247818	AT1G15550
Solyc03g119910.5	0.194352037371929	1.6440901294632	0.355895744078087	0.725861525225609	0.997637260505674	-4.64818393247818	AT1G80340
Solyc03g121270.3	0.0272562688800475	5.59610736424359	0.112425076747891	0.911672254356165	0.997637260505674	-4.73162243829384	AT1G51760
Solyc03g122340.3	0.182239489022987	3.98503213213372	0.519314276123471	0.60957195269645	0.997637260505674	-4.68466072383039	AT1G17420
Solyc03g122340.3	0.182239489022987	3.98503213213372	0.519314276123471	0.60957195269645	0.997637260505674	-4.68466072383039	AT1G72520
Solyc03g123410.1	0.878730661285907	8.82541004319981	1.48766622249703	0.153338976747714	0.997637260505674	-4.53448500780218	AT5G20630
Solyc03g123800.3	0.176581203007786	5.17086693672002	0.924867281338353	0.366697646461244	0.997637260505674	-4.63032928490995	AT1G51660
Solyc04g009800.3	0.143492230292305	4.89678569057255	0.697740625938646	0.493837448431988	0.997637260505674	-4.67534813506827	AT3G10660
Solyc04g024420.3	0.434146114723679	2.94804527271081	0.736257115652767	0.470617517626409	0.997637260505674	-4.62641279830273	AT5G40580
Solyc04g050930.3	-0.0572047483858382	6.92415214748453	-0.171529650019912	0.865631124279095	0.997637260505674	-4.68711147411082	AT1G08550
Solyc04g051190.3	-0.0957449947766218	6.63516718463619	-0.47803779549151	0.638107689545147	0.997637260505674	-4.67790314270741	AT1G31800
Solyc04g054710.3	0.0448035690845527	6.90072225304708	0.152028058138678	0.880776474506131	0.997637260505674	-4.70176517417047	AT2G22250
Solyc04g071940.3	0.00175591261845387	6.41289805352387	0.00801132536055757	0.993691942013731	0.999008807671524	-4.70426125770863	AT1G52340
Solyc04g074640.5	-0.0177998728624846	7.50697426541236	-0.0406932676541712	0.96796737155098	0.997656082688986	-4.67922324650694	AT4G09010
Solyc04g076060.3	0.21661701580785	4.61161618244538	0.623202309324456	0.540602275196513	0.997637260505674	-4.68487001935573	AT5G10450
Solyc04g076300.4	-0.453557010343692	6.49931297926663	-2.79698526619299	0.0115406127780013	0.997637260505674	-4.08624992930736	AT1G58200
Solyc04g076300.4	-0.453557010343692	6.49931297926663	-2.79698526619299	0.0115406127780013	0.997637260505674	-4.08624992930736	AT5G10490
Solyc04g077020.3	0.275202619706015	9.30451623137675	0.863574481128336	0.398652233526325	0.997637260505674	-4.61312915151444	AT1G50010
Solyc04g079440.3	-0.0365208297372721	4.7294680521753	-0.175142264355045	0.862831153901104	0.997637260505674	-4.73260728525934	AT1G47710
Solyc04g081570.3	0.329899663976729	7.97106445317408	0.980234302262893	0.339356446894054	0.997637260505674	-4.60530128797493	AT4G24190
Solyc04g082040.3	0.0298207335313849	4.29859269830277	0.13905459130773	0.890878505806556	0.997637260505674	-4.73313140643678	AT2G17010
Solyc05g054390.4	-0.205480796845682	6.4708486580826	-0.838739431006108	0.412101953894197	0.997637260505674	-4.63851228765201	AT3G16857
Solyc05g055070.4	-0.0635067267541061	4.25052343067647	-0.278143124149294	0.783923550731492	0.997637260505674	-4.71835339256547	AT3G04580
Solyc05g055760.3	0.203951686631406	3.59385574132815	0.625357825773637	0.539216964854925	0.997637260505674	-4.66158076669	AT3G02780
Solyc05g056160.3	0.0863993734471356	6.59999388306455	0.380145247555058	0.708077368059693	0.997637260505674	-4.69569851635818	AT1G13060
Solyc05g056170.3	-0.148458654618102	5.96871216382662	-0.368289310207352	0.71675156895733	0.997637260505674	-4.70324482210082	AT3G10340
Solyc05g056170.3	-0.148458654618102	5.96871216382662	-0.368289310207352	0.71675156895733	0.997637260505674	-4.70324482210082	AT3G53260
Solyc05g056230.5	-0.0559056427271356	6.82168742298334	-0.466727059197789	0.64603205029038	0.997637260505674	-4.6791560133989	AT1G08450
Solyc06g005170.3	-0.220230903416403	5.85362770092726	-0.591952249806113	0.56090002059087	0.997637260505674	-4.69140633581278	AT3G45640
Solyc06g008870.2	-0.086918930021862	4.64054238106748	-0.201783810142845	0.842242432386258	0.997637260505674	-4.72740309716544	AT3G63010
Solyc06g009020.2	0.165777513964096	7.48935182100979	0.500532572334196	0.622480590562381	0.997637260505674	-4.67093920186199	AT2G47730
Solyc06g009020.2	0.165777513964096	7.48935182100979	0.500532572334196	0.622480590562381	0.997637260505674	-4.67093920186199	AT4G02520
Solyc06g019170.3	-0.746336331300046	4.24965957258904	-1.50688433824763	0.148378292639991	0.997637260505674	-4.47037124616808	AT2G39800
Solyc06g053710.3	0.0550306410917929	2.76546755080768	0.0668047236128864	0.947439030190772	0.997637260505674	-4.65508847238779	AT3G23150
Solyc06g053830.3	-0.212007229836008	5.63815132096602	-0.456508182045777	0.653229016024036	0.997637260505674	-4.6939077665714	AT3G23050
Solyc06g053830.3	-0.212007229836008	5.63815132096602	-0.456508182045777	0.653229016024036	0.997637260505674	-4.6939077665714	AT4G14550
Solyc06g065380.4	-0.269276464149868	4.93188690255431	-0.619678514887698	0.542871088402868	0.997637260505674	-4.68578472308217	AT1G35670
Solyc06g065380.4	-0.269276464149868	4.93188690255431	-0.619678514887698	0.542871088402868	0.997637260505674	-4.68578472308217	AT4G09570
Solyc06g068090.3	0.143722809192058	6.72700801409454	0.930710977894554	0.363743557449322	0.997637260505674	-4.61906278791496	AT3G15730
Solyc06g071030.3	0.0905195020693448	3.99529146915068	0.359923548828933	0.72289618505706	0.997637260505674	-4.71760898795652	AT1G74710
Solyc06g073730.2	0.191932417448811	5.93965677715874	1.2275087885816	0.234706358650377	0.997637260505674	-4.55536975297007	AT3G20770
Solyc06g074530.1	0.414586133978362	3.90476996297983	0.85990024120453	0.400623879958684	0.997637260505674	-4.63310840451584	AT1G08250
Solyc06g074530.1	0.414586133978362	3.90476996297983	0.85990024120453	0.400623879958684	0.997637260505674	-4.63310840451584	AT2G27820
Solyc06g074820.3	0.501439293888179	9.33845297243891	0.796405034206757	0.435690098861463	0.997637260505674	-4.61832710093028	AT3G26520
Solyc06g075090.4	-0.12938109234955	4.65181410944543	-0.327233834037803	0.747088847496828	0.997637260505674	-4.72369945822966	AT5G06300
Solyc06g076020.3	0.239109638389338	5.40107757476445	0.408361034434371	0.687599602538632	0.997637260505674	-4.71342300242929	AT3G09440
Solyc06g076020.3	0.239109638389338	5.40107757476445	0.408361034434371	0.687599602538632	0.997637260505674	-4.71342300242929	AT3G12580
Solyc06g076020.3	0.239109638389338	5.40107757476445	0.408361034434371	0.687599602538632	0.997637260505674	-4.71342300242929	AT5G02490
Solyc06g076020.3	0.239109638389338	5.40107757476445	0.408361034434371	0.687599602538632	0.997637260505674	-4.71342300242929	AT5G02500
Solyc06g076560.2	0.161029937032585	1.12592298659501	0.155586065765812	0.8780095496364	0.997637260505674	-4.61365846358361	AT1G07400
Solyc06g083980.3	0.0463414198768755	4.2403066999449	0.313926325641706	0.757016714195356	0.997637260505674	-4.7182928316413	AT4G16430
Solyc07g007870.3	0.151817226946099	5.11192989685468	0.70251254135183	0.490925098040889	0.997637260505674	-4.67485790986524	AT2G06050
Solyc07g040690.3	-0.141149648113065	4.6688854771978	-0.64607973713013	0.525998113351968	0.997637260505674	-4.68322158877028	AT1G64280
Solyc07g044860.3	-0.146231677578525	12.027241005732	-0.36348378331556	0.720278817108609	0.997637260505674	-4.62913459767926	AT1G06680
Solyc07g047780.3	0.0207382284448201	4.93817273344418	0.120322167063662	0.905498251740228	0.997637260505674	-4.73573158108983	AT5G48160
Solyc07g049550.3	0.167442105932461	3.59232293658466	0.11555657024288	0.909223317325054	0.997637260505674	-4.64855884653301	AT1G05010
Solyc07g049550.3	0.167442105932461	3.59232293658466	0.11555657024288	0.909223317325054	0.997637260505674	-4.64855884653301	AT1G12010
Solyc07g049550.3	0.167442105932461	3.59232293658466	0.11555657024288	0.909223317325054	0.997637260505674	-4.64855884653301	AT1G62380
Solyc07g053550.3	-0.0177272418946735	1.97367283061297	-0.0383529725234816	0.969808608087707	0.997656082688986	-4.6348783012295	AT1G28480
Solyc07g054580.3	-0.194844568566165	4.75511006156493	-0.507179248892483	0.617897678011779	0.997637260505674	-4.70460918074136	AT4G03400
Solyc08g006720.4	-0.218209319189894	7.57234862055203	-0.771595422280105	0.449897511292187	0.997637260505674	-4.63345305087207	AT2G25080
Solyc08g006720.4	-0.218209319189894	7.57234862055203	-0.771595422280105	0.449897511292187	0.997637260505674	-4.63345305087207	AT4G31870
Solyc08g006930.3	-0.0731631975456537	11.2401380953117	-0.184805826745804	0.855350625528503	0.997637260505674	-4.63805068515405	AT1G30380
Solyc08g016720.1	0.0581475021664275	1.21304428303473	0.14280635780885	0.887955073737288	0.997637260505674	-4.63855465092815	AT1G30100
Solyc08g016720.1	0.0581475021664275	1.21304428303473	0.14280635780885	0.887955073737288	0.997637260505674	-4.63855465092815	AT3G14440
Solyc08g016720.1	0.0581475021664275	1.21304428303473	0.14280635780885	0.887955073737288	0.997637260505674	-4.63855465092815	AT4G18350
Solyc08g029000.3	0.635413562568752	4.3676094696039	0.390003632106365	0.700895631665752	0.997637260505674	-4.63568234695902	AT1G55020
Solyc08g029000.3	0.635413562568752	4.3676094696039	0.390003632106365	0.700895631665752	0.997637260505674	-4.63568234695902	AT3G22400
Solyc08g059760.3	0.0762046002861867	5.48824918482716	0.258656943960972	0.798696823012887	0.997637260505674	-4.71862365356802	AT4G32320
Solyc08g062220.3	-0.278501698983573	6.47680274304962	-1.05238074221955	0.305898857249331	0.997637260505674	-4.59680471929571	AT2G43820
Solyc08g062220.3	-0.278501698983573	6.47680274304962	-1.05238074221955	0.305898857249331	0.997637260505674	-4.59680471929571	AT2G43840
Solyc08g065320.3	-0.831093431376854	3.86307728686861	-2.86734389177049	0.00989890380089452	0.997637260505674	-4.08594817741555	AT2G26070
Solyc08g079020.3	-0.0267950935518404	3.20953128371685	-0.131240930730248	0.896972127986614	0.997637260505674	-4.69626686244952	AT4G12440
Solyc08g079020.3	-0.0267950935518404	3.20953128371685	-0.131240930730248	0.896972127986614	0.997637260505674	-4.69626686244952	AT4G22570
Solyc08g082820.4	0.713660492273989	6.44583829469159	1.4112369763747	0.174430154335705	0.997637260505674	-4.5079587928615	AT5G28540
Solyc08g082820.4	0.713660492273989	6.44583829469159	1.4112369763747	0.174430154335705	0.997637260505674	-4.5079587928615	AT5G42020
Solyc09g007830.3	0.488058560630076	3.48525221433109	1.86620400553764	0.0776141112765502	0.997637260505674	-4.36540265424684	AT2G37210
Solyc09g007830.3	0.488058560630076	3.48525221433109	1.86620400553764	0.0776141112765502	0.997637260505674	-4.36540265424684	AT3G53450
Solyc09g010850.4	0.255095285743255	4.45667648430681	0.629765309400515	0.536390353267536	0.997637260505674	-4.67685434203499	AT2G39660
Solyc09g011750.3	0.761988133694945	2.00012145985808	1.53548767798296	0.141241022312786	0.997637260505674	-4.51744591378918	AT3G54030
Solyc09g011750.3	0.761988133694945	2.00012145985808	1.53548767798296	0.141241022312786	0.997637260505674	-4.51744591378918	AT5G59010
Solyc09g011870.3	0.466173533953755	1.81310738754786	0.164332367920269	0.871214806997666	0.997637260505674	-4.60551462417693	AT1G15710
Solyc09g057660.3	0.235402612042289	3.49487467032648	0.562483730957673	0.580399803914175	0.997637260505674	-4.6655880077248	AT5G48570
Solyc09g064430.4	-0.146802700624447	5.31555588382441	-0.824787441303126	0.419784027031058	0.997637260505674	-4.6483524333695	AT2G20340
Solyc09g066350.1	2.10115166760489	-2.59382308907971	1.13896791869161	0.268952167191967	0.997637260505674	-4.59455932130374	AT3G23230
Solyc09g074520.3	-0.303125436302701	6.793295744155	-1.44269694731651	0.165480057579382	0.997637260505674	-4.51278658728465	AT3G62980
Solyc09g074680.3	0.039728531133175	5.23685903676057	0.276613435884822	0.785080311423431	0.997637260505674	-4.72738982572392	AT4G02570
Solyc09g075440.4	-0.0680242829221882	5.38530242354961	-0.252315534479575	0.803521663070003	0.997637260505674	-4.72935398908467	AT2G40940
Solyc09g083280.3	0.0312361773325787	5.78215085515793	0.10167101342697	0.920089061083671	0.997637260505674	-4.72083095419941	AT1G04240
Solyc09g083280.3	0.0312361773325787	5.78215085515793	0.10167101342697	0.920089061083671	0.997637260505674	-4.72083095419941	AT5G43700
Solyc09g089930.3	-0.238302774876987	4.04933584256662	-0.278075180750091	0.7839749190619	0.997637260505674	-4.69138646571041	AT3G23240
Solyc09g090910.3	0.249451610896704	1.92786153014762	0.581708190335347	0.567639700167031	0.997637260505674	-4.6323345775122	AT2G33310
Solyc09g091470.3	0.0529323078185247	6.82356434778098	0.207969530719808	0.837478129127512	0.997637260505674	-4.70180253716756	AT2G33150
Solyc10g008110.4	-0.061798945917765	6.45491185330976	-0.299381571530257	0.767917348418444	0.997637260505674	-4.70616364056695	AT1G06290
Solyc10g008200.4	0.0597856472474532	2.31267031681807	0.152733567158555	0.880227701157698	0.997637260505674	-4.67496895441731	AT2G20610
Solyc10g012050.3	0.349900524282536	4.6732006238023	1.02096000139041	0.320169167701755	0.997637260505674	-4.60768175409635	AT4G00290
Solyc10g074740.2	0.180295769396475	4.2825558604161	0.685699186235017	0.501230720115724	0.997637260505674	-4.66813320097925	AT4G20780
Solyc10g079480.1	-0.157543726358889	5.46177806688933	-0.712065471757873	0.485124924192898	0.997637260505674	-4.6666943262981	AT3G10230
Solyc10g080770.3	-0.134130662774097	5.66531361437355	-0.506254455017183	0.618534371369271	0.997637260505674	-4.70241642394414	AT3G12250
Solyc10g080770.3	-0.134130662774097	5.66531361437355	-0.506254455017183	0.618534371369271	0.997637260505674	-4.70241642394414	AT5G06950
Solyc10g082030.2	-0.0134979511916846	9.65938598089653	-0.0436650400010305	0.965629585208159	0.997656082688986	-4.65225539576426	AT3G11630
Solyc10g083610.2	-0.0199587179028748	4.39410188660675	-0.0731744917666363	0.942436390834653	0.997637260505674	-4.72844232336114	AT5G03730
Solyc10g084150.2	0.386846434197806	4.0075083572939	1.43962834555826	0.166336297789193	0.997637260505674	-4.49468749870992	AT2G28305
Solyc10g086170.1	-0.273180783232172	6.11579851299368	-0.985058261582931	0.33704287731533	0.997637260505674	-4.6095187536504	AT1G08980
Solyc10g086250.2	0.112597950535365	2.04220728884955	0.417521043745142	0.681003644117779	0.997637260505674	-4.66652987334778	AT1G66370
Solyc10g086580.2	-0.39020425413684	14.0817166443566	-0.83733403704447	0.412871671380916	0.997637260505674	-4.60437154207105	AT2G39730
Solyc11g006370.2	0.152493500599385	4.8585090806023	0.923585767883972	0.367347629752849	0.997637260505674	-4.63025234967241	AT5G04870
Solyc11g010130.4	-0.390628021584454	3.41182477845699	-1.63628791906711	0.118328660612835	0.997637260505674	-4.44483876010544	AT1G78290
Solyc11g011260.1	-0.119126879738634	7.78449020591919	-0.479038863758252	0.637408465666084	0.997637260505674	-4.65947057712952	AT1G14920
Solyc11g011260.1	-0.119126879738634	7.78449020591919	-0.479038863758252	0.637408465666084	0.997637260505674	-4.65947057712952	AT1G66350
Solyc11g011260.1	-0.119126879738634	7.78449020591919	-0.479038863758252	0.637408465666084	0.997637260505674	-4.65947057712952	AT3G03450
Solyc11g069190.2	0.223900981466652	5.45616916455445	0.634061119344275	0.533643135218496	0.997637260505674	-4.67702912755384	AT5G60450
Solyc11g069800.1	0.47024049454462	5.55170957685843	1.1983346452701	0.245602825052692	0.997637260505674	-4.56190724685934	AT5G42650
Solyc12g007170.4	0.168782616154818	5.50098101420846	0.734698969098692	0.471544057073961	0.997637260505674	-4.66764622757325	AT4G29010
Solyc12g009140.3	0.0523979198775386	6.47553607218974	0.233165483047307	0.818140352936178	0.997637260505674	-4.70927251616949	AT2G05840
Solyc12g009560.2	-0.35634100053189	6.7519617086792	-1.31942929550479	0.20279222949451	0.997637260505674	-4.53591403748911	AT2G25490
Solyc12g011330.5	0.00574462206874227	4.72488139609044	0.0349460622358538	0.972489316514183	0.997656082688986	-4.73582432756653	AT1G66340
Solyc12g013620.2	-0.592859259813301	4.95754723170755	-1.23216384960918	0.233002440400152	0.997637260505674	-4.55289565221154	AT1G52890
Solyc12g013710.2	0.286093252302869	9.87451087744694	0.422186860911186	0.677653940854908	0.997637260505674	-4.63834866960863	AT4G27440
Solyc12g013710.2	0.286093252302869	9.87451087744694	0.422186860911186	0.677653940854908	0.997637260505674	-4.63834866960863	AT5G54190
Solyc12g027870.1	-0.115935220044407	3.07610395237231	-0.740511135052091	0.468093438167274	0.997637260505674	-4.64010182352007	AT5G63610
Solyc12g042600.2	0.133157176464881	5.02786474692863	0.330041711650081	0.744999788226419	0.997637260505674	-4.72239178687663	AT2G36750
Solyc12g042600.2	0.133157176464881	5.02786474692863	0.330041711650081	0.744999788226419	0.997637260505674	-4.72239178687663	AT2G36800
Solyc12g057060.2	1.34655717547653	4.24013226245323	1.79616397316629	0.0884774793380433	0.997637260505674	-4.42353005307096	AT1G22400
Solyc12g094420.2	0.0686091322809361	1.77766176054139	0.201174056106943	0.842712412477711	0.997637260505674	-4.64305530778805	AT1G78610
Solyc12g099440.3	0.0596116904825843	6.67349747471264	0.31197568947322	0.758475654739639	0.997637260505674	-4.69975787337154	AT3G06860
