GeneID	logFC	AveExpr	t	P.Value	adj.P.Val	B	AthID
Solyc01g006555.2	0.0603566976950738	8.01224949134178	0.150320560681706	0.882104890503432	0.999906623111301	-4.6818277529838	AT3G45140
Solyc01g067890.4	-0.0755906780457014	9.24820184891916	-0.279206629338472	0.783119624778621	0.999906623111301	-4.65304213806181	AT4G15560
Solyc01g088160.5	0.504657800844506	2.21967251320844	1.12956556531799	0.272796813286285	0.999906623111301	-4.58327038024937	AT3G63440
Solyc01g094960.3	-0.000174755018537809	4.56368307079552	-0.000610875697082072	0.999518995634892	0.999906623111301	-4.73456395761841	AT4G01370
Solyc01g097240.3	0.360619252352642	4.99583875243417	0.298940651775969	0.768248587336156	0.999906623111301	-4.72367599219749	AT3G04720
Solyc01g097290.4	0.0374634008513501	7.06462126285459	0.144245250587999	0.886834301803443	0.999906623111301	-4.68856091009325	AT3G04730
Solyc01g097810.3	0.0603902055044552	7.851789948248	0.326511839814819	0.747626336346003	0.999906623111301	-4.66922385286449	AT3G04870
Solyc01g098840.3	-0.229465836889619	5.21502552874106	-1.05264469321053	0.305780938493214	0.999906623111301	-4.59926635961562	AT5G27450
Solyc01g100380.4	0.134500796160628	8.17977791328121	0.346956211067803	0.732458798761863	0.999906623111301	-4.66909898322558	AT1G09210
Solyc01g100380.4	0.134500796160628	8.17977791328121	0.346956211067803	0.732458798761863	0.999906623111301	-4.66909898322558	AT1G56340
Solyc01g104970.3	-0.0566615236360395	5.44023439545274	-0.227681536843409	0.822339549624312	0.999906623111301	-4.72725306498363	AT4G33430
Solyc01g106620.2	0.624791468656897	8.86215358864584	0.703641366798395	0.490237625544459	0.999906623111301	-4.63547641196747	AT2G14580
Solyc01g112250.4	0.0547397882100915	5.51703284775764	0.388778329691728	0.7017866982688	0.999906623111301	-4.71350777299548	AT2G17290
Solyc01g112250.4	0.0547397882100915	5.51703284775764	0.388778329691728	0.7017866982688	0.999906623111301	-4.71350777299548	AT4G35310
Solyc02g061770.5	-0.0447465354065624	2.11282339347846	-0.0503228388565136	0.960393326210953	0.999906623111301	-4.65173701384257	AT3G12500
Solyc02g063150.3	0.310776920036727	12.3757980392436	0.769835243153346	0.450916176354958	0.999906623111301	-4.61065302007626	AT1G67090
Solyc02g063150.3	0.310776920036727	12.3757980392436	0.769835243153346	0.450916176354958	0.999906623111301	-4.61065302007626	AT5G38430
Solyc02g065280.3	0.0404913566617759	6.41225330992849	0.153389463812275	0.879717574078313	0.999906623111301	-4.70066623146103	AT2G23580
Solyc02g065280.3	0.0404913566617759	6.41225330992849	0.153389463812275	0.879717574078313	0.999906623111301	-4.70066623146103	AT2G23620
Solyc02g070890.3	-0.477334560355805	3.08585667065899	-1.03904901713085	0.311897158094393	0.999906623111301	-4.59910732612279	AT5G46330
Solyc02g070990.1	0.0600493873909116	10.6280393154522	0.1084825953366	0.9147566994084	0.999906623111301	-4.64278622230814	AT2G34430
Solyc02g079750.4	-0.197904984735945	4.22902521255867	-0.267193978941991	0.792214585006205	0.999906623111301	-4.71094086571487	AT5G54500
Solyc02g080540.1	0.0785177679787132	10.0680165928518	0.230313982622718	0.820323123916599	0.999906623111301	-4.64615593516249	AT4G04640
Solyc02g090890.4	0.00892351481015474	10.087784985943	0.02768793132984	0.978201415943502	0.999906623111301	-4.64939537618134	AT5G67030
Solyc03g006880.3	0.140175415250576	6.56009342664447	0.242070461744976	0.811333641051433	0.999906623111301	-4.68689775290504	AT1G60980
Solyc03g006880.3	0.140175415250576	6.56009342664447	0.242070461744976	0.811333641051433	0.999906623111301	-4.68689775290504	AT4G25420
Solyc03g006880.3	0.140175415250576	6.56009342664447	0.242070461744976	0.811333641051433	0.999906623111301	-4.68689775290504	AT5G07200
Solyc03g006880.3	0.140175415250576	6.56009342664447	0.242070461744976	0.811333641051433	0.999906623111301	-4.68689775290504	AT5G51810
Solyc03g007960.3	-0.244295564031405	0.544949270944187	-0.553756898140438	0.58623978712895	0.999906623111301	-4.6112431977216	AT5G52570
Solyc03g007980.1	0.149539852402946	5.04772146897021	1.11320185741896	0.27958459297671	0.999906623111301	-4.58461633234944	AT5G24020
Solyc03g062890.3	0.128247380021765	6.31367345228861	0.897683520158894	0.380651390219651	0.999906623111301	-4.62622621645875	AT5G18100
Solyc03g093080.3	-0.0197595029605059	-0.143858747887958	-0.0310774171692135	0.975533744047914	0.999906623111301	-4.61005877026917	AT5G57560
Solyc03g093110.3	-0.0097501432686071	-0.41821852862107	-0.0143169784334113	0.988727196219456	0.999906623111301	-4.60894707763427	AT4G30270
Solyc03g096790.3	-0.0556016276344877	4.1303490482377	-0.414716395925509	0.683020452152463	0.999906623111301	-4.71019167321045	AT3G49590
Solyc03g098050.3	-0.00952825184774397	5.64438756397293	-0.0543779806746239	0.957204907309757	0.999906623111301	-4.72918219896458	AT1G66410
Solyc03g111170.3	0.0281733343217541	5.75766821453052	0.072978499862291	0.942590281941694	0.999906623111301	-4.72776359378859	AT5G63380
Solyc03g117980.3	-0.15025808340295	6.38541131398158	-0.39160988459083	0.699728203578163	0.999906623111301	-4.6917102561341	AT4G25090
Solyc03g117980.3	-0.15025808340295	6.38541131398158	-0.39160988459083	0.699728203578163	0.999906623111301	-4.6917102561341	AT5G47910
Solyc03g117980.3	-0.15025808340295	6.38541131398158	-0.39160988459083	0.699728203578163	0.999906623111301	-4.6917102561341	AT5G51060
Solyc03g119910.5	0.137967824513948	1.6440901294632	0.241368176942467	0.811869895644501	0.999906623111301	-4.64752282621006	AT1G15550
Solyc03g119910.5	0.137967824513948	1.6440901294632	0.241368176942467	0.811869895644501	0.999906623111301	-4.64752282621006	AT1G80340
Solyc03g121270.3	-0.181275887522889	5.59610736424359	-0.721184690261025	0.479625692314947	0.999906623111301	-4.66370090703637	AT1G51760
Solyc03g122340.3	-0.107585315862039	3.98503213213372	-0.319334265178494	0.752976858423102	0.999906623111301	-4.71126782909537	AT1G17420
Solyc03g122340.3	-0.107585315862039	3.98503213213372	-0.319334265178494	0.752976858423102	0.999906623111301	-4.71126782909537	AT1G72520
Solyc03g123410.1	0.541438579923378	8.82541004319981	0.957991024967391	0.350166493701961	0.999906623111301	-4.60429180559265	AT5G20630
Solyc03g123800.3	-0.102477012484067	5.17086693672002	-0.531241796628079	0.601441495063966	0.999906623111301	-4.69955663607883	AT1G51660
Solyc04g009800.3	0.0287210916239777	4.89678569057255	0.139965100891676	0.890168874169417	0.999906623111301	-4.73541917661314	AT3G10660
Solyc04g024420.3	-0.0154674186259105	2.94804527271081	-0.0300253571653208	0.976361730599783	0.999906623111301	-4.67902701145273	AT5G40580
Solyc04g050930.3	0.119973471589692	6.92415214748453	0.364024287159509	0.719881765076896	0.999906623111301	-4.67964783563543	AT1G08550
Solyc04g051190.3	0.109813790030739	6.63516718463619	0.550015091481014	0.588752795151332	0.999906623111301	-4.67113216683762	AT1G31800
Solyc04g054710.3	-0.0924820263379988	6.90072225304708	-0.311110804309222	0.759122826851626	0.999906623111301	-4.69266510053409	AT2G22250
Solyc04g071940.3	0.070951652929022	6.41289805352387	0.32453608024212	0.749097868824844	0.999906623111301	-4.69390118624233	AT1G52340
Solyc04g074640.5	0.215509381770357	7.50697426541236	0.498986081556082	0.623549184197696	0.999906623111301	-4.66083370382992	AT4G09010
Solyc04g076060.3	-0.315069862779604	4.61161618244538	-0.90837099950621	0.375123797283397	0.999906623111301	-4.63250590580167	AT5G10450
Solyc04g076300.4	-0.0272921588041886	6.49931297926663	-0.166232603496823	0.86973990887391	0.999906623111301	-4.70630285324463	AT1G58200
Solyc04g076300.4	-0.0272921588041886	6.49931297926663	-0.166232603496823	0.86973990887391	0.999906623111301	-4.70630285324463	AT5G10490
Solyc04g077020.3	-0.0990010421713219	9.30451623137675	-0.312168014906502	0.758331767230716	0.999906623111301	-4.65211358455712	AT1G50010
Solyc04g079440.3	-0.0294689264355155	4.7294680521753	-0.141764800896209	0.888766506980914	0.999906623111301	-4.73473399567449	AT1G47710
Solyc04g081570.3	0.206799914846699	7.97106445317408	0.597306557896289	0.557394094078076	0.999906623111301	-4.65085409165468	AT4G24190
Solyc04g082040.3	0.152010611514091	4.29859269830277	0.69699773335009	0.494291741342503	0.999906623111301	-4.67182776359221	AT2G17010
Solyc05g054390.4	-0.0847710201666105	6.4708486580826	-0.340334149097092	0.73735965720602	0.999906623111301	-4.69876608658039	AT3G16857
Solyc05g055070.4	-0.0966031664221569	4.25052343067647	-0.428760058583666	0.672946563080718	0.999906623111301	-4.7081169413045	AT3G04580
Solyc05g055760.3	0.042835038031166	3.59385574132815	0.142580618121082	0.888130927303552	0.999906623111301	-4.71400337663311	AT3G02780
Solyc05g056160.3	-0.026310220758786	6.59999388306455	-0.113518127202132	0.9108173464583	0.999906623111301	-4.70601382970004	AT1G13060
Solyc05g056170.3	0.0397331408866526	5.96871216382662	0.100812136412185	0.920761703530649	0.999906623111301	-4.72259967373346	AT3G10340
Solyc05g056170.3	0.0397331408866526	5.96871216382662	0.100812136412185	0.920761703530649	0.999906623111301	-4.72259967373346	AT3G53260
Solyc05g056230.5	0.0216190578769266	6.82168742298334	0.180839411449456	0.858419356013595	0.999906623111301	-4.69786299801585	AT1G08450
Solyc06g005170.3	0.0146824469582914	5.85362770092726	0.0367166136017712	0.971096124001976	0.999906623111301	-4.71903725488771	AT3G45640
Solyc06g008870.2	-0.180392920144643	4.64054238106748	-0.427500301027853	0.673847670152511	0.999906623111301	-4.71391974881724	AT3G63010
Solyc06g009020.2	-0.0950421436705273	7.48935182100979	-0.274525879040288	0.786659764029146	0.999906623111301	-4.68009964931173	AT2G47730
Solyc06g009020.2	-0.0950421436705273	7.48935182100979	-0.274525879040288	0.786659764029146	0.999906623111301	-4.68009964931173	AT4G02520
Solyc06g019170.3	0.00315050758198954	4.24965957258904	0.00617763352963776	0.995135755109809	0.999906623111301	-4.72907636740948	AT2G39800
Solyc06g053710.3	-0.197643895862051	2.76546755080768	-0.266199536292676	0.792968884681853	0.999906623111301	-4.66323139511362	AT3G23150
Solyc06g053830.3	-0.0832491007511536	5.63815132096602	-0.184279883132362	0.855757401975793	0.999906623111301	-4.71957953886163	AT3G23050
Solyc06g053830.3	-0.0832491007511536	5.63815132096602	-0.184279883132362	0.855757401975793	0.999906623111301	-4.71957953886163	AT4G14550
Solyc06g065380.4	0.0398314112848182	4.93188690255431	0.0916731485517277	0.927922732489032	0.999906623111301	-4.73288798252117	AT1G35670
Solyc06g065380.4	0.0398314112848182	4.93188690255431	0.0916731485517277	0.927922732489032	0.999906623111301	-4.73288798252117	AT4G09570
Solyc06g068090.3	-0.0399655316080096	6.72700801409454	-0.25431799768358	0.801997210829335	0.999906623111301	-4.69652997022168	AT3G15730
Solyc06g071030.3	0.0435572791370351	3.99529146915068	0.169107319923175	0.867509584555487	0.999906623111301	-4.72485133690506	AT1G74710
Solyc06g073730.2	-0.193270607451105	5.93965677715874	-1.21112542764937	0.240779121350337	0.999906623111301	-4.5601856782299	AT3G20770
Solyc06g074530.1	0.00717416646320146	3.90476996297983	0.0161765177926959	0.987263171675739	0.999906623111301	-4.72916797090021	AT1G08250
Solyc06g074530.1	0.00717416646320146	3.90476996297983	0.0161765177926959	0.987263171675739	0.999906623111301	-4.72916797090021	AT2G27820
Solyc06g074820.3	0.278572069522106	9.33845297243891	0.445675221384218	0.660896728756618	0.999906623111301	-4.6437127427018	AT3G26520
Solyc06g075090.4	0.10708914997936	4.65181410944543	0.271102989117513	0.789251586086853	0.999906623111301	-4.72826350654722	AT5G06300
Solyc06g076020.3	-0.712478478870301	5.40107757476445	-1.1670059609574	0.257726375760225	0.999906623111301	-4.5708281626409	AT3G09440
Solyc06g076020.3	-0.712478478870301	5.40107757476445	-1.1670059609574	0.257726375760225	0.999906623111301	-4.5708281626409	AT3G12580
Solyc06g076020.3	-0.712478478870301	5.40107757476445	-1.1670059609574	0.257726375760225	0.999906623111301	-4.5708281626409	AT5G02490
Solyc06g076020.3	-0.712478478870301	5.40107757476445	-1.1670059609574	0.257726375760225	0.999906623111301	-4.5708281626409	AT5G02500
Solyc06g076560.2	-0.00812876361803305	1.12592298659501	-0.0088881739768735	0.993001536135657	0.999906623111301	-4.61934111456227	AT1G07400
Solyc06g083980.3	0.0267177021178036	4.2403066999449	0.180797571900472	0.858451738797632	0.999906623111301	-4.72622274152483	AT4G16430
Solyc07g007870.3	-0.0728115889630292	5.11192989685468	-0.336044152010298	0.740540789247945	0.999906623111301	-4.72270027740965	AT2G06050
Solyc07g040690.3	0.100974919764369	4.6688854771978	0.46392853415965	0.647999480543607	0.999906623111301	-4.70941392080324	AT1G64280
Solyc07g044860.3	0.080254805369151	12.027241005732	0.199597998505173	0.843927470537206	0.999906623111301	-4.63280902438183	AT1G06680
Solyc07g047780.3	-0.0903438148517335	4.93817273344418	-0.523496358213368	0.606715200772218	0.999906623111301	-4.70204033569221	AT5G48160
Solyc07g049550.3	-0.231502788287659	3.59232293658466	-0.232331423894146	0.818778653009122	0.999906623111301	-4.69793120747639	AT1G05010
Solyc07g049550.3	-0.231502788287659	3.59232293658466	-0.232331423894146	0.818778653009122	0.999906623111301	-4.69793120747639	AT1G12010
Solyc07g049550.3	-0.231502788287659	3.59232293658466	-0.232331423894146	0.818778653009122	0.999906623111301	-4.69793120747639	AT1G62380
Solyc07g053550.3	0.33480623178346	1.97367283061297	0.829393486356122	0.417237892818547	0.999906623111301	-4.61239179482514	AT1G28480
Solyc07g054580.3	0.394860710832614	4.75511006156493	1.0198407196405	0.320686059632751	0.999906623111301	-4.60772327878088	AT4G03400
Solyc08g006720.4	0.00345790155667647	7.57234862055203	0.0122240616674298	0.990375008773064	0.999906623111301	-4.68202327890073	AT2G25080
Solyc08g006720.4	0.00345790155667647	7.57234862055203	0.0122240616674298	0.990375008773064	0.999906623111301	-4.68202327890073	AT4G31870
Solyc08g006930.3	0.0235692392345044	11.2401380953117	0.0591879355378767	0.953423968775212	0.999906623111301	-4.63892852945337	AT1G30380
Solyc08g016720.1	0.218516749274202	1.21304428303473	0.480713525672876	0.63623953157007	0.999906623111301	-4.62267933925603	AT1G30100
Solyc08g016720.1	0.218516749274202	1.21304428303473	0.480713525672876	0.63623953157007	0.999906623111301	-4.62267933925603	AT3G14440
Solyc08g016720.1	0.218516749274202	1.21304428303473	0.480713525672876	0.63623953157007	0.999906623111301	-4.62267933925603	AT4G18350
Solyc08g029000.3	-0.0275827711635364	4.3676094696039	-0.0306231897593406	0.975891224197743	0.999906623111301	-4.73694700103448	AT1G55020
Solyc08g029000.3	-0.0275827711635364	4.3676094696039	-0.0306231897593406	0.975891224197743	0.999906623111301	-4.73694700103448	AT3G22400
Solyc08g059760.3	0.0943828585130939	5.48824918482716	0.323355408094197	0.74997769762425	0.999906623111301	-4.71606003865017	AT4G32320
Solyc08g062220.3	-0.0913083101775332	6.47680274304962	-0.330760036450062	0.744465679812425	0.999906623111301	-4.694310466155	AT2G43820
Solyc08g062220.3	-0.0913083101775332	6.47680274304962	-0.330760036450062	0.744465679812425	0.999906623111301	-4.694310466155	AT2G43840
Solyc08g065320.3	0.0996028324610911	3.86307728686861	0.380831438151496	0.70757656548818	0.999906623111301	-4.71080716943723	AT2G26070
Solyc08g079020.3	0.00739853079461339	3.20953128371685	0.0358562111451891	0.971773136654179	0.999906623111301	-4.69587747011945	AT4G12440
Solyc08g079020.3	0.00739853079461339	3.20953128371685	0.0358562111451891	0.971773136654179	0.999906623111301	-4.69587747011945	AT4G22570
Solyc08g082820.4	0.251228280742892	6.44583829469159	0.484380748047037	0.633683187186147	0.999906623111301	-4.68881958614659	AT5G28540
Solyc08g082820.4	0.251228280742892	6.44583829469159	0.484380748047037	0.633683187186147	0.999906623111301	-4.68881958614659	AT5G42020
Solyc09g007830.3	-0.0641012750895373	3.48525221433109	-0.237958713203185	0.814474664665962	0.999906623111301	-4.71125717454933	AT2G37210
Solyc09g007830.3	-0.0641012750895373	3.48525221433109	-0.237958713203185	0.814474664665962	0.999906623111301	-4.71125717454933	AT3G53450
Solyc09g010850.4	0.114808479192831	4.45667648430681	0.301324730144714	0.766458106258992	0.999906623111301	-4.72585770115683	AT2G39660
Solyc09g011750.3	-0.220695423313404	2.00012145985808	-0.437077859163479	0.667009614073927	0.999906623111301	-4.65234362680909	AT3G54030
Solyc09g011750.3	-0.220695423313404	2.00012145985808	-0.437077859163479	0.667009614073927	0.999906623111301	-4.65234362680909	AT5G59010
Solyc09g011870.3	-0.814204670401441	1.81310738754786	-0.806269727050562	0.430119528641728	0.999906623111301	-4.62554558267956	AT1G15710
Solyc09g057660.3	-0.228113576325256	3.49487467032648	-0.565138580833851	0.578629043292619	0.999906623111301	-4.67025450693238	AT5G48570
Solyc09g064430.4	0.0260699299688758	5.31555588382441	0.148017745856224	0.883897024733378	0.999906623111301	-4.73064347026418	AT2G20340
Solyc09g066350.1	-0.0558356169068407	-2.59382308907971	-0.0623907558292229	0.950906965660194	0.999906623111301	-4.60366696868868	AT3G23230
Solyc09g074520.3	0.00274497823099296	6.793295744155	0.0130607464125895	0.989716257462294	0.999906623111301	-4.69783307348441	AT3G62980
Solyc09g074680.3	-0.0462972702672655	5.23685903676057	-0.320953376162016	0.751768760086003	0.999906623111301	-4.72298197259528	AT4G02570
Solyc09g075440.4	-0.191582552231644	5.38530242354961	-0.702110436721717	0.491170121305189	0.999906623111301	-4.67288934514757	AT2G40940
Solyc09g083280.3	0.127911433012526	5.78215085515793	0.408219592927853	0.687701655513314	0.999906623111301	-4.69877506810877	AT1G04240
Solyc09g083280.3	0.127911433012526	5.78215085515793	0.408219592927853	0.687701655513314	0.999906623111301	-4.69877506810877	AT5G43700
Solyc09g089930.3	0.370576513968115	4.04933584256662	0.48487067851656	0.633342023560472	0.999906623111301	-4.69501806459154	AT3G23240
Solyc09g090910.3	-0.194559297871069	1.92786153014762	-0.481999881197174	0.635342304302618	0.999906623111301	-4.64333745127053	AT2G33310
Solyc09g091470.3	-0.019026586104963	6.82356434778098	-0.0741774660680246	0.941648900795379	0.999906623111301	-4.70422691372657	AT2G33150
Solyc10g008110.4	-0.0615007778505543	6.45491185330976	-0.289721153382056	0.775185081827136	0.999906623111301	-4.7013256744751	AT1G06290
Solyc10g008200.4	0.274612852228739	2.31267031681807	0.723328175011843	0.478338444434805	0.999906623111301	-4.6389099674145	AT2G20610
Solyc10g012050.3	0.272670267032637	4.6732006238023	0.799260479340985	0.434073025079942	0.999906623111301	-4.65688835531911	AT4G00290
Solyc10g074740.2	-0.0507178504165324	4.2825558604161	-0.202039984902754	0.842044998690944	0.999906623111301	-4.72829185322116	AT4G20780
Solyc10g079480.1	0.0944828803091982	5.46177806688933	0.432302009133741	0.670415721480935	0.999906623111301	-4.70703673916733	AT3G10230
Solyc10g080770.3	-0.0866713415141884	5.66531361437355	-0.320240896309161	0.752300295542146	0.999906623111301	-4.71714676772044	AT3G12250
Solyc10g080770.3	-0.0866713415141884	5.66531361437355	-0.320240896309161	0.752300295542146	0.999906623111301	-4.71714676772044	AT5G06950
Solyc10g082030.2	0.159647194077724	9.65938598089653	0.522685559943767	0.607268546014336	0.999906623111301	-4.63799526194681	AT3G11630
Solyc10g083610.2	-0.162044446371843	4.39410188660675	-0.600669232907626	0.555198171213294	0.999906623111301	-4.68705479076011	AT5G03730
Solyc10g084150.2	-0.0394870819589341	4.0075083572939	-0.147978096289294	0.883927887123049	0.999906623111301	-4.72904412312371	AT2G28305
Solyc10g086170.1	-0.0611136992100407	6.11579851299368	-0.221054502520414	0.827421377543907	0.999906623111301	-4.70430874348399	AT1G08980
Solyc10g086250.2	-0.376884808367331	2.04220728884955	-1.24219127010114	0.229364285138736	0.999906623111301	-4.56686108345288	AT1G66370
Solyc10g086580.2	0.138048879924778	14.0817166443566	0.296237226302367	0.770280521272549	0.999906623111301	-4.62244132406756	AT2G39730
Solyc11g006370.2	0.153489021247474	4.8585090806023	0.933569715839434	0.362304291982129	0.999906623111301	-4.62837354481926	AT5G04870
Solyc11g010130.4	0.0552078804967064	3.41182477845699	0.22415243971853	0.825044790023306	0.999906623111301	-4.7063028632847	AT1G78290
Solyc11g011260.1	0.000379033745789847	7.78449020591919	0.00154258553017721	0.998785366456945	0.999906623111301	-4.67949272367526	AT1G14920
Solyc11g011260.1	0.000379033745789847	7.78449020591919	0.00154258553017721	0.998785366456945	0.999906623111301	-4.67949272367526	AT1G66350
Solyc11g011260.1	0.000379033745789847	7.78449020591919	0.00154258553017721	0.998785366456945	0.999906623111301	-4.67949272367526	AT3G03450
Solyc11g069190.2	-0.206553090725475	5.45616916455445	-0.595265737913316	0.558729033679425	0.999906623111301	-4.685448388066	AT5G60450
Solyc11g069800.1	-0.286583436027455	5.55170957685843	-0.726688163678728	0.476324750104766	0.999906623111301	-4.66908427097596	AT5G42650
Solyc12g007170.4	0.0782715094049538	5.50098101420846	0.336645143160715	0.740094849853463	0.999906623111301	-4.7183347189801	AT4G29010
Solyc12g009140.3	0.023098793048697	6.47553607218974	0.100702950666009	0.920847218391357	0.999906623111301	-4.70996142233168	AT2G05840
Solyc12g009560.2	-0.349404599384756	6.7519617086792	-1.22486064839351	0.235679919627765	0.999906623111301	-4.560557209702	AT2G25490
Solyc12g011330.5	-0.10469550120004	4.72488139609044	-0.640987125371424	0.529230113055893	0.999906623111301	-4.68494383746999	AT1G66340
Solyc12g013620.2	-0.17771328790645	4.95754723170755	-0.374348685255824	0.712313301255967	0.999906623111301	-4.71940245493781	AT1G52890
Solyc12g013710.2	0.069803713299283	9.87451087744694	0.10625576849486	0.916499499438603	0.999906623111301	-4.65017357407989	AT4G27440
Solyc12g013710.2	0.069803713299283	9.87451087744694	0.10625576849486	0.916499499438603	0.999906623111301	-4.65017357407989	AT5G54190
Solyc12g027870.1	0.000502954098581032	3.07610395237231	0.00326352436083873	0.997430301058754	0.999906623111301	-4.69027333872012	AT5G63610
Solyc12g042600.2	0.0715064717065115	5.02786474692863	0.178498165208944	0.860231817471131	0.999906623111301	-4.73402968949789	AT2G36750
Solyc12g042600.2	0.0715064717065115	5.02786474692863	0.178498165208944	0.860231817471131	0.999906623111301	-4.73402968949789	AT2G36800
Solyc12g057060.2	-0.294815487965698	4.24013226245323	-0.456210663750958	0.653439080624965	0.999906623111301	-4.70434338941308	AT1G22400
Solyc12g094420.2	-0.00286538160613037	1.77766176054139	-0.00889096252474102	0.992999340520429	0.999906623111301	-4.6507376102773	AT1G78610
Solyc12g099440.3	-0.0576863386067137	6.67349747471264	-0.296725549841252	0.769913363522875	0.999906623111301	-4.6975056020792	AT3G06860
