query_id	subject_id	perc_identity	num_ident_matches	alig_length	mismatches	gap_openings	n_gaps	pos_match	ppos	q_start	q_end	q_len	qcov	qcovhsp	s_start	s_end	s_len	evalue	bit_score	score_raw
Solyc00g160260.1.1	Solyc00g160260.1.X	100	60	60	0	0	0	60	100	1	60	101	59	59	1	60	60	6.36e-42	120	300
Solyc00g160260.1.1	la	100	55	55	0	0	0	55	100	1	55	101	54	54	1	55	55	7.24e-38	109	273
Solyc00g160260.1.1	lala	100	50	50	0	0	0	50	100	1	50	101	50	50	1	50	50	2.88e-34	100	249
Solyc00g160270.1.1	Solyc00g160270.1.1	100	167	167	0	0	0	167	100	1	167	167	100	100	1	167	167	3.44e-128	344	883
aaa	Solyc00g160260.1.X	100	60	60	0	0	0	60	100	1	60	95	63	63	1	60	60	6.11e-42	120	300
aaa	la	100	55	55	0	0	0	55	100	1	55	95	58	58	1	55	55	5.98e-38	109	273
aaa	lala	100	50	50	0	0	0	50	100	1	50	95	53	53	1	50	50	2.31e-34	100	249
bla	Solyc00g160270.1.1	100	159	159	0	0	0	159	100	1	159	159	100	100	1	159	167	2.02e-122	329	844
blabla	Solyc00g160270.1.1	100	147	147	0	0	0	147	100	1	147	147	100	100	1	147	167	3.44e-113	305	782
