GeneID	logFC	AveExpr	t	P.Value	adj.P.Val	B	AthID
Solyc01g006555.2	0.104057648823601	8.01224949134178	0.260471713560795	0.797317580274612	0.999945828361594	-4.69315631869551	AT3G45140
Solyc01g067890.4	-0.286680048131766	9.24820184891916	-1.05116799709118	0.306441063740247	0.999945828361594	-4.59317416898298	AT4G15560
Solyc01g088160.5	0.708983355167034	2.21967251320844	1.51561300663363	0.14616932990591	0.999945828361594	-4.52439831993415	AT3G63440
Solyc01g094960.3	-0.10552810844893	4.56368307079552	-0.369527494214191	0.715843797640388	0.999945828361594	-4.73779200871267	AT4G01370
Solyc01g097240.3	0.426727565138045	4.99583875243417	0.352213850389621	0.728576093214623	0.999945828361594	-4.73864428812503	AT3G04720
Solyc01g097290.4	0.055367950760493	7.06462126285459	0.214020872422867	0.832823550660482	0.999945828361594	-4.70260838386391	AT3G04730
Solyc01g097810.3	0.037457161556091	7.851789948248	0.202764211118742	0.841486896211297	0.999945828361594	-4.68836926062698	AT3G04870
Solyc01g098840.3	0.265170577834527	5.21502552874106	1.23843327146503	0.230722615342295	0.999945828361594	-4.54796556113765	AT5G27450
Solyc01g100380.4	-0.087482313366503	8.17977791328121	-0.223675876030895	0.825410274436192	0.999945828361594	-4.68703797415449	AT1G09210
Solyc01g100380.4	-0.087482313366503	8.17977791328121	-0.223675876030895	0.825410274436192	0.999945828361594	-4.68703797415449	AT1G56340
Solyc01g104970.3	0.190452203148454	5.44023439545274	0.773161414278459	0.448992414030534	0.999945828361594	-4.67347036641032	AT4G33430
Solyc01g106620.2	-0.25542106559449	8.86215358864584	-0.275569693230228	0.785869891555851	0.999945828361594	-4.67192610563905	AT2G14580
Solyc01g112250.4	0.196509302114721	5.51703284775764	1.40665119885008	0.175766828747257	0.999945828361594	-4.49275187441407	AT2G17290
Solyc01g112250.4	0.196509302114721	5.51703284775764	1.40665119885008	0.175766828747257	0.999945828361594	-4.49275187441407	AT4G35310
Solyc02g061770.5	1.16447016983865	2.11282339347846	1.02670075094532	0.317527307382668	0.999945828361594	-4.59468405855746	AT3G12500
Solyc02g063150.3	-0.249720251513107	12.3757980392436	-0.606230290895415	0.551576694138371	0.999945828361594	-4.62208381543753	AT1G67090
Solyc02g063150.3	-0.249720251513107	12.3757980392436	-0.606230290895415	0.551576694138371	0.999945828361594	-4.62208381543753	AT5G38430
Solyc02g065280.3	0.00440235501953623	6.41225330992849	0.016696534270844	0.98685376819561	0.999945828361594	-4.72138582434393	AT2G23580
Solyc02g065280.3	0.00440235501953623	6.41225330992849	0.016696534270844	0.98685376819561	0.999945828361594	-4.72138582434393	AT2G23620
Solyc02g070890.3	0.786352925045282	3.08585667065899	1.48491207021276	0.154060940153054	0.999945828361594	-4.50150104628903	AT5G46330
Solyc02g070990.1	-0.234389157685417	10.6280393154522	-0.418970010523796	0.679962663322026	0.999945828361594	-4.64120827596378	AT2G34430
Solyc02g079750.4	-0.0611162771477725	4.22902521255867	-0.0816301663218386	0.935799364958908	0.999945828361594	-4.73604518514183	AT5G54500
Solyc02g080540.1	0.0198520529038788	10.0680165928518	0.0582026225652978	0.954198399822323	0.999945828361594	-4.6583278594646	AT4G04640
Solyc02g090890.4	0.022951860853496	10.087784985943	0.0714271892558567	0.943808438533903	0.999945828361594	-4.65914155105822	AT5G67030
Solyc03g006880.3	0.443690018495663	6.56009342664447	0.782098529949422	0.443848438971616	0.999945828361594	-4.64730042642317	AT1G60980
Solyc03g006880.3	0.443690018495663	6.56009342664447	0.782098529949422	0.443848438971616	0.999945828361594	-4.64730042642317	AT4G25420
Solyc03g006880.3	0.443690018495663	6.56009342664447	0.782098529949422	0.443848438971616	0.999945828361594	-4.64730042642317	AT5G07200
Solyc03g006880.3	0.443690018495663	6.56009342664447	0.782098529949422	0.443848438971616	0.999945828361594	-4.64730042642317	AT5G51810
Solyc03g007960.3	-0.190395290337019	0.544949270944187	-0.424440593175552	0.676038390769427	0.999945828361594	-4.61702854856895	AT5G52570
Solyc03g007980.1	-0.159007270452379	5.04772146897021	-1.17769738799763	0.253539484300628	0.999945828361594	-4.56705339972736	AT5G24020
Solyc03g062890.3	-0.0390999587486744	6.31367345228861	-0.271824131770305	0.78870532397702	0.999945828361594	-4.71880633776344	AT5G18100
Solyc03g093080.3	-0.228234090231589	-0.143858747887958	-0.367775874390411	0.717128120094925	0.999945828361594	-4.61114354363599	AT5G57560
Solyc03g093110.3	-0.247945492053907	-0.41821852862107	-0.374626459300465	0.712110092908974	0.999945828361594	-4.60997630068987	AT4G30270
Solyc03g096790.3	0.153374299809945	4.1303490482377	1.13159359615208	0.271964126367818	0.999945828361594	-4.58043688216654	AT3G49590
Solyc03g098050.3	-0.0829075565479576	5.64438756397293	-0.473119857840557	0.641547806295829	0.999945828361594	-4.72009334980025	AT1G66410
Solyc03g111170.3	0.345358729971757	5.75766821453052	0.909100787580499	0.374748313313239	0.999945828361594	-4.64005145662325	AT5G63380
Solyc03g117980.3	0.658659430351151	6.38541131398158	1.80123331058969	0.0876488778113055	0.999945828361594	-4.368593573664	AT4G25090
Solyc03g117980.3	0.658659430351151	6.38541131398158	1.80123331058969	0.0876488778113055	0.999945828361594	-4.368593573664	AT5G47910
Solyc03g117980.3	0.658659430351151	6.38541131398158	1.80123331058969	0.0876488778113055	0.999945828361594	-4.368593573664	AT5G51060
Solyc03g119910.5	-0.236452920735006	1.6440901294632	-0.432275351227903	0.670434754396839	0.999945828361594	-4.65332327597891	AT1G15550
Solyc03g119910.5	-0.236452920735006	1.6440901294632	-0.432275351227903	0.670434754396839	0.999945828361594	-4.65332327597891	AT1G80340
Solyc03g121270.3	0.262019578616806	5.59610736424359	1.06928067625566	0.2984145632039	0.999945828361594	-4.59806915038466	AT1G51760
Solyc03g122340.3	0.106741508292873	3.98503213213372	0.311757058186117	0.758639233852472	0.999945828361594	-4.72741758196828	AT1G17420
Solyc03g122340.3	0.106741508292873	3.98503213213372	0.311757058186117	0.758639233852472	0.999945828361594	-4.72741758196828	AT1G72520
Solyc03g123410.1	-0.653719333855921	8.82541004319981	-1.09555322808449	0.287043566428916	0.999945828361594	-4.5871210766923	AT5G20630
Solyc03g123800.3	0.215454301277623	5.17086693672002	1.12736681214723	0.273701724998557	0.999945828361594	-4.58237414432096	AT1G51660
Solyc04g009800.3	0.207992577662749	4.89678569057255	1.01528853981791	0.322794359078689	0.999945828361594	-4.61475558218179	AT3G10660
Solyc04g024420.3	0.247427743437613	2.94804527271081	0.462916767366979	0.648711432451327	0.999945828361594	-4.66838875247198	AT5G40580
Solyc04g050930.3	-0.0342162326907269	6.92415214748453	-0.103189426546292	0.918900044572089	0.999945828361594	-4.70590205241857	AT1G08550
Solyc04g051190.3	0.0583123885612649	6.63516718463619	0.291933486189239	0.773518789431644	0.999945828361594	-4.7090321784055	AT1G31800
Solyc04g054710.3	-0.0159357384913825	6.90072225304708	-0.0540229267238678	0.957484045284736	0.999945828361594	-4.72183970985159	AT2G22250
Solyc04g071940.3	-0.00974779555294436	6.41289805352387	-0.0445059304444399	0.96496814398913	0.999945828361594	-4.7224591317711	AT1G52340
Solyc04g074640.5	-0.018896757964054	7.50697426541236	-0.0432938021698013	0.96592160763707	0.999945828361594	-4.69406224587921	AT4G09010
Solyc04g076060.3	-0.213253209974156	4.61161618244538	-0.613354482830801	0.546955673437998	0.999945828361594	-4.70223170485549	AT5G10450
Solyc04g076300.4	0.304368286473691	6.49931297926663	1.89558104607028	0.073418498903042	0.999945828361594	-4.34152949874247	AT1G58200
Solyc04g076300.4	0.304368286473691	6.49931297926663	1.89558104607028	0.073418498903042	0.999945828361594	-4.34152949874247	AT5G10490
Solyc04g077020.3	-0.261944725488904	9.30451623137675	-0.821966209821772	0.42134841520671	0.999945828361594	-4.62155760947353	AT1G50010
Solyc04g079440.3	0.0996870888324919	4.7294680521753	0.478764162351528	0.637600303782453	0.999945828361594	-4.72631544971501	AT1G47710
Solyc04g081570.3	0.173137984752302	7.97106445317408	0.500800361705468	0.622295640777635	0.999945828361594	-4.67083793648055	AT4G24190
Solyc04g082040.3	-0.208605138483348	4.29859269830277	-0.966355845673174	0.346073838356892	0.999945828361594	-4.62642658796664	AT2G17010
Solyc05g054390.4	0.180876135074527	6.4708486580826	0.739805834189563	0.468511360067768	0.999945828361594	-4.6664971154161	AT3G16857
Solyc05g055070.4	0.114174219267383	4.25052343067647	0.501206879633915	0.622014926829004	0.999945828361594	-4.71522194979874	AT3G04580
Solyc05g055760.3	0.318708455099237	3.59385574132815	1.03123286730981	0.315452590687376	0.999945828361594	-4.60379425051805	AT3G02780
Solyc05g056160.3	0.0855388435838878	6.59999388306455	0.372901519989051	0.713372346267436	0.999945828361594	-4.71146948082696	AT1G13060
Solyc05g056170.3	-0.129292560181214	5.96871216382662	-0.325840970959854	0.748125883823866	0.999945828361594	-4.72889891045164	AT3G10340
Solyc05g056170.3	-0.129292560181214	5.96871216382662	-0.325840970959854	0.748125883823866	0.999945828361594	-4.72889891045164	AT3G53260
Solyc05g056230.5	-0.00045025532407017	6.82168742298334	-0.00377359707650537	0.997028671696042	0.999945828361594	-4.71937610494259	AT1G08450
Solyc06g005170.3	0.910193212772841	5.85362770092726	2.3706961847271	0.0285503630688669	0.999945828361594	-4.12281294737213	AT3G45640
Solyc06g008870.2	0.444925915165808	4.64054238106748	1.04343686798052	0.309913756072184	0.999945828361594	-4.60609418115292	AT3G63010
Solyc06g009020.2	0.233068960876823	7.48935182100979	0.688523333665646	0.499491061486997	0.999945828361594	-4.65792570457119	AT2G47730
Solyc06g009020.2	0.233068960876823	7.48935182100979	0.688523333665646	0.499491061486997	0.999945828361594	-4.65792570457119	AT4G02520
Solyc06g019170.3	-0.515453176219253	4.24965957258904	-1.02458296787931	0.318500096026634	0.999945828361594	-4.61057090758438	AT2G39800
Solyc06g053710.3	0.22747723668056	2.76546755080768	0.288133092540805	0.776381873878059	0.999945828361594	-4.66564313231799	AT3G23150
Solyc06g053830.3	-0.20737223341302	5.63815132096602	-0.457037871949303	0.652855098792352	0.999945828361594	-4.71557286628535	AT3G23050
Solyc06g053830.3	-0.20737223341302	5.63815132096602	-0.457037871949303	0.652855098792352	0.999945828361594	-4.71557286628535	AT4G14550
Solyc06g065380.4	0.132103276056439	4.93188690255431	0.305705561804964	0.763171550957523	0.999945828361594	-4.7443416359803	AT1G35670
Solyc06g065380.4	0.132103276056439	4.93188690255431	0.305705561804964	0.763171550957523	0.999945828361594	-4.7443416359803	AT4G09570
Solyc06g068090.3	0.0342802773017761	6.72700801409454	0.219885959745364	0.828318272355782	0.999945828361594	-4.71727783688725	AT3G15730
Solyc06g071030.3	-0.33459560578705	3.99529146915068	-1.31430193609578	0.204477815695598	0.999945828361594	-4.52473824763855	AT1G74710
Solyc06g073730.2	-0.0195061840154125	5.93965677715874	-0.123832880012792	0.90275550805782	0.999945828361594	-4.74317906320289	AT3G20770
Solyc06g074530.1	0.356121739575659	3.90476996297983	0.784895736727843	0.442245940236119	0.999945828361594	-4.66332685768181	AT1G08250
Solyc06g074530.1	0.356121739575659	3.90476996297983	0.784895736727843	0.442245940236119	0.999945828361594	-4.66332685768181	AT2G27820
Solyc06g074820.3	-0.215515627673458	9.33845297243891	-0.338085692886698	0.739026337147834	0.999945828361594	-4.65594535199978	AT3G26520
Solyc06g075090.4	0.0481012286529543	4.65181410944543	0.121850158795804	0.904304356647668	0.999945828361594	-4.7588328894098	AT5G06300
Solyc06g076020.3	0.790720607045841	5.40107757476445	1.36002196433413	0.189831455616706	0.999945828361594	-4.50793162609462	AT3G09440
Solyc06g076020.3	0.790720607045841	5.40107757476445	1.36002196433413	0.189831455616706	0.999945828361594	-4.50793162609462	AT3G12580
Solyc06g076020.3	0.790720607045841	5.40107757476445	1.36002196433413	0.189831455616706	0.999945828361594	-4.50793162609462	AT5G02490
Solyc06g076020.3	0.790720607045841	5.40107757476445	1.36002196433413	0.189831455616706	0.999945828361594	-4.50793162609462	AT5G02500
Solyc06g076560.2	0.220725134020294	1.12592298659501	0.228757732909651	0.821515040599429	0.999945828361594	-4.61958409624139	AT1G07400
Solyc06g083980.3	-0.0429346252575913	4.2403066999449	-0.290835167478702	0.774345884405925	0.999945828361594	-4.74056869710738	AT4G16430
Solyc07g007870.3	0.0242440623636417	5.11192989685468	0.11226824057291	0.91179492977729	0.999945828361594	-4.7593616271333	AT2G06050
Solyc07g040690.3	0.197556509744124	4.6688854771978	0.905430582874675	0.376639218830892	0.999945828361594	-4.64287702210434	AT1G64280
Solyc07g044860.3	0.085379632616247	12.027241005732	0.212829020276992	0.833739805909643	0.999945828361594	-4.63959045761503	AT1G06680
Solyc07g047780.3	0.290580110057878	4.93817273344418	1.69024781043132	0.10741270230411	0.999945828361594	-4.3847916094687	AT5G48160
Solyc07g049550.3	1.23585395515707	3.59232293658466	1.00408579391931	0.328024345597239	0.999945828361594	-4.60123359359326	AT1G05010
Solyc07g049550.3	1.23585395515707	3.59232293658466	1.00408579391931	0.328024345597239	0.999945828361594	-4.60123359359326	AT1G12010
Solyc07g049550.3	1.23585395515707	3.59232293658466	1.00408579391931	0.328024345597239	0.999945828361594	-4.60123359359326	AT1G62380
Solyc07g053550.3	0.539837565277838	1.97367283061297	1.26898734724297	0.219856610273452	0.999945828361594	-4.56838473692335	AT1G28480
Solyc07g054580.3	0.463037733884712	4.75511006156493	1.198649973104	0.245483032911718	0.999945828361594	-4.56057517585719	AT4G03400
Solyc08g006720.4	0.0911131522542075	7.57234862055203	0.324723336701509	0.748958358990999	0.999945828361594	-4.68814185882174	AT2G25080
Solyc08g006720.4	0.0911131522542075	7.57234862055203	0.324723336701509	0.748958358990999	0.999945828361594	-4.68814185882174	AT4G31870
Solyc08g006930.3	0.0953544516888449	11.2401380953117	0.240731739397229	0.812355952648303	0.999945828361594	-4.64450352490937	AT1G30380
Solyc08g016720.1	-0.283673006060659	1.21304428303473	-0.666355127179729	0.513239327571333	0.999945828361594	-4.62223926420972	AT1G30100
Solyc08g016720.1	-0.283673006060659	1.21304428303473	-0.666355127179729	0.513239327571333	0.999945828361594	-4.62223926420972	AT3G14440
Solyc08g016720.1	-0.283673006060659	1.21304428303473	-0.666355127179729	0.513239327571333	0.999945828361594	-4.62223926420972	AT4G18350
Solyc08g029000.3	3.05805425150805	4.3676094696039	2.54567380179083	0.0197940636043591	0.999945828361594	-4.22613119288856	AT1G55020
Solyc08g029000.3	3.05805425150805	4.3676094696039	2.54567380179083	0.0197940636043591	0.999945828361594	-4.22613119288856	AT3G22400
Solyc08g059760.3	-0.104713450163074	5.48824918482716	-0.356091459982104	0.725717332568326	0.999945828361594	-4.73117879324351	AT4G32320
Solyc08g062220.3	0.438986864447056	6.47680274304962	1.64431239902618	0.116647993653921	0.999945828361594	-4.42926223816049	AT2G43820
Solyc08g062220.3	0.438986864447056	6.47680274304962	1.64431239902618	0.116647993653921	0.999945828361594	-4.42926223816049	AT2G43840
Solyc08g065320.3	1.05494644667588	3.86307728686861	3.68283918879812	0.00159248417736919	0.999945828361594	-3.70966086288605	AT2G26070
Solyc08g079020.3	-0.0374357719522069	3.20953128371685	-0.181387910383601	0.857994855140296	0.999945828361594	-4.70936011738615	AT4G12440
Solyc08g079020.3	-0.0374357719522069	3.20953128371685	-0.181387910383601	0.857994855140296	0.999945828361594	-4.70936011738615	AT4G22570
Solyc08g082820.4	0.00912305661209167	6.44583829469159	0.0174152187768737	0.986287961660792	0.999945828361594	-4.73218333777623	AT5G28540
Solyc08g082820.4	0.00912305661209167	6.44583829469159	0.0174152187768737	0.986287961660792	0.999945828361594	-4.73218333777623	AT5G42020
Solyc09g007830.3	-0.555207807524207	3.48525221433109	-2.10593649584813	0.0488158615168556	0.999945828361594	-4.24593118325525	AT2G37210
Solyc09g007830.3	-0.555207807524207	3.48525221433109	-2.10593649584813	0.0488158615168556	0.999945828361594	-4.24593118325525	AT3G53450
Solyc09g010850.4	0.679058782787049	4.45667648430681	1.74866435988754	0.0965782144438864	0.999945828361594	-4.36797585305316	AT2G39660
Solyc09g011750.3	-0.60462114696151	2.00012145985808	-1.2478722494425	0.227322580348955	0.999945828361594	-4.55982626853168	AT3G54030
Solyc09g011750.3	-0.60462114696151	2.00012145985808	-1.2478722494425	0.227322580348955	0.999945828361594	-4.55982626853168	AT5G59010
Solyc09g011870.3	2.59712026045274	1.81310738754786	1.30741274147707	0.206759909811578	0.999945828361594	-4.57946620731258	AT1G15710
Solyc09g057660.3	-0.0706913099667248	3.49487467032648	-0.172179015201269	0.865127695755681	0.999945828361594	-4.71305998521199	AT5G48570
Solyc09g064430.4	-0.0740187696532431	5.31555588382441	-0.419750690280276	0.679402072874278	0.999945828361594	-4.73025842710489	AT2G20340
Solyc09g066350.1	2.50054208532394	-2.59382308907971	1.879598882903	0.075675548948663	0.999945828361594	-4.58527818039222	AT3G23230
Solyc09g074520.3	0.139190066486957	6.793295744155	0.669411409953087	0.511331294799915	0.999945828361594	-4.66732363298473	AT3G62980
Solyc09g074680.3	0.0308155818388016	5.23685903676057	0.214527986071363	0.832433773359973	0.999945828361594	-4.75343632128574	AT4G02570
Solyc09g075440.4	0.147166257561449	5.38530242354961	0.545637544733211	0.591699576694016	0.999945828361594	-4.71695849284022	AT2G40940
Solyc09g083280.3	0.207685500261811	5.78215085515793	0.667693517652354	0.512403279354232	0.999945828361594	-4.68198411730189	AT1G04240
Solyc09g083280.3	0.207685500261811	5.78215085515793	0.667693517652354	0.512403279354232	0.999945828361594	-4.68198411730189	AT5G43700
Solyc09g089930.3	0.898483886878114	4.04933584256662	1.10283787775595	0.283947370584102	0.999945828361594	-4.58659186505825	AT3G23240
Solyc09g090910.3	-0.0231439370440452	1.92786153014762	-0.0560499891856028	0.955890476724285	0.999945828361594	-4.66527641554288	AT2G33310
Solyc09g091470.3	0.00888581641749209	6.82356434778098	0.0348113530064785	0.972595318844379	0.999945828361594	-4.72409822415332	AT2G33150
Solyc10g008110.4	0.218748102336097	6.45491185330976	1.05115562515729	0.306446598655873	0.999945828361594	-4.59986432054774	AT1G06290
Solyc10g008200.4	0.208832431584344	2.31267031681807	0.549190049400173	0.589307618560402	0.999945828361594	-4.66747222014256	AT2G20610
Solyc10g012050.3	-0.192514454370862	4.6732006238023	-0.562097314790305	0.580657768636322	0.999945828361594	-4.7140204979294	AT4G00290
Solyc10g074740.2	0.324524857029259	4.2825558604161	1.27081573187888	0.219219167879284	0.999945828361594	-4.53892006636694	AT4G20780
Solyc10g079480.1	-0.027402421229775	5.46177806688933	-0.12499942264397	0.901844422784836	0.999945828361594	-4.74905258977722	AT3G10230
Solyc10g080770.3	0.273363132964432	5.66531361437355	1.027682999786	0.317076833679208	0.999945828361594	-4.61016370374253	AT3G12250
Solyc10g080770.3	0.273363132964432	5.66531361437355	1.027682999786	0.317076833679208	0.999945828361594	-4.61016370374253	AT5G06950
Solyc10g082030.2	-0.0692414629296128	9.65938598089653	-0.224855872213392	0.824505391188268	0.999945828361594	-4.65963782667506	AT3G11630
Solyc10g083610.2	0.0491349119061688	4.39410188660675	0.180403747878872	0.858756561534837	0.999945828361594	-4.7467180391211	AT5G03730
Solyc10g084150.2	-0.181340948952605	4.0075083572939	-0.681760636252774	0.503662627695556	0.999945828361594	-4.68933451307067	AT2G28305
Solyc10g086170.1	0.0587284736659006	6.11579851299368	0.214623475965484	0.832360382971126	0.999945828361594	-4.72526807819755	AT1G08980
Solyc10g086250.2	-0.687196357255592	2.04220728884955	-2.32785585949273	0.0311870943779097	0.999945828361594	-4.32679185452955	AT1G66370
Solyc10g086580.2	0.173741584895964	14.0817166443566	0.372829719668879	0.713424905786235	0.999945828361594	-4.62563426489204	AT2G39730
Solyc11g006370.2	0.115030345158565	4.8585090806023	0.700084614060973	0.492405639876297	0.999945828361594	-4.68985951663106	AT5G04870
Solyc11g010130.4	-0.00568997386466341	3.41182477845699	-0.0231019953019676	0.981811159431908	0.999945828361594	-4.731089079422	AT1G78290
Solyc11g011260.1	-0.0689930141683872	7.78449020591919	-0.280413359336363	0.782207735332806	0.999945828361594	-4.68638668297143	AT1G14920
Solyc11g011260.1	-0.0689930141683872	7.78449020591919	-0.280413359336363	0.782207735332806	0.999945828361594	-4.68638668297143	AT1G66350
Solyc11g011260.1	-0.0689930141683872	7.78449020591919	-0.280413359336363	0.782207735332806	0.999945828361594	-4.68638668297143	AT3G03450
Solyc11g069190.2	-0.428307274604791	5.45616916455445	-1.22392178058459	0.236025825150351	0.999945828361594	-4.55363376952841	AT5G60450
Solyc11g069800.1	0.0134395791588577	5.55170957685843	0.0344247886736072	0.972899508176785	0.999945828361594	-4.76087413352504	AT5G42650
Solyc12g007170.4	0.131529170920881	5.50098101420846	0.568423143957528	0.576442074638298	0.999945828361594	-4.71004470503785	AT4G29010
Solyc12g009140.3	0.137513957082626	6.47553607218974	0.605864511135611	0.551814511531721	0.999945828361594	-4.68709411041193	AT2G05840
Solyc12g009560.2	0.454141131555701	6.7519617086792	1.67332504448241	0.110739660478149	0.999945828361594	-4.42280383640479	AT2G25490
Solyc12g011330.5	0.148116301435185	4.72488139609044	0.904465182306024	0.377137652632235	0.999945828361594	-4.64328487387663	AT1G66340
Solyc12g013620.2	0.691723333531721	4.95754723170755	1.43952088005292	0.166366349310242	0.999945828361594	-4.48122880245296	AT1G52890
Solyc12g013710.2	-0.483378498444084	9.87451087744694	-0.719734264116013	0.480497888709918	0.999945828361594	-4.62660124870247	AT4G27440
Solyc12g013710.2	-0.483378498444084	9.87451087744694	-0.719734264116013	0.480497888709918	0.999945828361594	-4.62660124870247	AT5G54190
Solyc12g027870.1	0.101350821607816	3.07610395237231	0.645114405497562	0.526609917425185	0.999945828361594	-4.66109257659445	AT5G63610
Solyc12g042600.2	0.257499914986528	5.02786474692863	0.64249773046069	0.52827027718199	0.999945828361594	-4.70086530365004	AT2G36750
Solyc12g042600.2	0.257499914986528	5.02786474692863	0.64249773046069	0.52827027718199	0.999945828361594	-4.70086530365004	AT2G36800
Solyc12g057060.2	-0.0908093809754673	4.24013226245323	-0.139360888129608	0.890639774055102	0.999945828361594	-4.74700314856352	AT1G22400
Solyc12g094420.2	0.120335279203423	1.77766176054139	0.36251479152488	0.72099083886725	0.999945828361594	-4.64908132836315	AT1G78610
Solyc12g099440.3	0.0673812546932959	6.67349747471264	0.350445306601666	0.729881308380651	0.999945828361594	-4.71292941127999	AT3G06860
